


-------------------------------------------------
start time            : Sun Apr 18 20:11:39 2021
working directory     : /labs/Knutie/BarretoNahomFrogs/modifiedanalysis/06_RNAQuast/transdecoderassembly/results/tmp/centroids_GeneMarkS-T
command line          : /labs/Knutie/BarretoNahomFrogs/modifiedanalysis/05_Clustering/clustertransdecoder/centroids.fasta --output /labs/Knutie/BarretoNahomFrogs/modifiedanalysis/06_RNAQuast/transdecoderassembly/results/tmp/centroids_GeneMarkS-T/centroids.fasta.lst
output file with predictions : /labs/Knutie/BarretoNahomFrogs/modifiedanalysis/06_RNAQuast/transdecoderassembly/results/tmp/centroids_GeneMarkS-T/centroids.fasta.lst
input sequence        : /labs/Knutie/BarretoNahomFrogs/modifiedanalysis/05_Clustering/clustertransdecoder/centroids.fasta
number of bins        : 0
filter                : 1
strand                : both
markov chain order    : cod = 4, non = 2
genetic code          : 1
search for motif      : 1
motif width           : 12
prestart length       : 6
fixed motif position  : 1
off overlap           : 1
identity threshold    : 0.99
maximum iteration     : 10
gene overlap off      : 1
strand to predict on  : both
GeneMarkS parameters  : /isg/shared/apps/GeneMarkS-T/5.1/par_1.default
initial hmm model     : 
output format         : LST
output nucleotides    : 
output proteins       : 
gibbs_version         : 3

         run starts here:
prepare sequence
/isg/shared/apps/GeneMarkS-T/5.1/probuild --par /isg/shared/apps/GeneMarkS-T/5.1/par_1.default --clean_join sequence --seq /labs/Knutie/BarretoNahomFrogs/modifiedanalysis/05_Clustering/clustertransdecoder/centroids.fasta --log gms.log
Clean-Join      IN   OUT
Contigs - 42092 8357
All letters - 32504694   18021287
Unambiguous letters - 32504694 17603487
A - 9127115 5063502
C - 7651670 4100852
G - 7902611 4360111
T - 7823298 4079022
N - 0 0
Parameters:
  Minimum of unambiguous letters per record: 1000
  Trim down substrings "N...N" to maximum length: 50
  Connect records using gap filler: NNNNNNNNNNNNNNNNNNNNNNNNNNNNNNNNNNNNNNNNNNNNNNNNNN
  Minimum of unambiguous letters in output: 50000
system call done
do_iterations = 1
/isg/shared/apps/GeneMarkS-T/5.1/probuild --par /isg/shared/apps/GeneMarkS-T/5.1/par_1.default --stat_fasta --seq /labs/Knutie/BarretoNahomFrogs/modifiedanalysis/05_Clustering/clustertransdecoder/centroids.fasta > initial.meta.lst.feature 
system call done
min_GC=24  max_GC=76 total_seq_length=32504694
(45)->(11419767)
(47)->(16623951)
(50)->(23297001)
bin number = 3
GC range = 24,45,50,76
prepare sequence
/isg/shared/apps/GeneMarkS-T/5.1/probuild --par /isg/shared/apps/GeneMarkS-T/5.1/par_1.default --clean_join sequence --seq seq_bin_1 --log gms.log
Clean-Join      IN   OUT
Contigs - 16174 2585
All letters - 11419767   5716013
Unambiguous letters - 11419767 5586813
A - 3553455 1770396
C - 2342464 1140168
G - 2499427 1267507
T - 3024421 1408742
N - 0 0
Parameters:
  Minimum of unambiguous letters per record: 1000
  Trim down substrings "N...N" to maximum length: 50
  Connect records using gap filler: NNNNNNNNNNNNNNNNNNNNNNNNNNNNNNNNNNNNNNNNNNNNNNNNNN
  Minimum of unambiguous letters in output: 50000
system call done
do_iterations = 1
run initial prediction
/isg/shared/apps/GeneMarkS-T/5.1/gmhmmp -p 0  sequence  -m /isg/shared/apps/GeneMarkS-T/5.1/MetaGeneMark_v1.mod  -o itr_0.lst
system call done
entering iteration loop
build model: itr_1.mod for iteration: 1
/isg/shared/apps/GeneMarkS-T/5.1/probuild --par /isg/shared/apps/GeneMarkS-T/5.1/par_1.default --mkmod itr_1.mod --seq sequence --geneset itr_0.lst --ORDM 4 --order_non 2 --revcomp_non 1 --fixmotif --PRE_START_WIDTH 6 --width 12 --log gms.log
Pos   A   C   G   T
1 0.301 0.269 0.185 0.245
2 0.264 0.237 0.214 0.285
3 0.238 0.276 0.214 0.271
4 0.359 0.202 0.204 0.235
5 0.320 0.219 0.235 0.226
6 0.245 0.290 0.161 0.304

7 0.774 0.002 0.152 0.073
8 0.002 0.002 0.002 0.995
9 0.002 0.002 0.995 0.002

10 0.294 0.157 0.344 0.206
11 0.364 0.240 0.178 0.218
12 0.237 0.169 0.273 0.321

system call done
prediction, iteration: 1
/isg/shared/apps/GeneMarkS-T/5.1/gmhmmp -p 0  sequence  -m itr_1.mod  -o itr_1.lst -r
system call done
compare:
/isg/shared/apps/GeneMarkS-T/5.1/probuild --par /isg/shared/apps/GeneMarkS-T/5.1/par_1.default --compare --source itr_1.lst --target itr_0.lst
compare itr_0.lst and itr_1.lst: 0.6959
build model: itr_2.mod for iteration: 2
/isg/shared/apps/GeneMarkS-T/5.1/probuild --par /isg/shared/apps/GeneMarkS-T/5.1/par_1.default --mkmod itr_2.mod --seq sequence --geneset itr_1.lst --ORDM 4 --order_non 2 --revcomp_non 1 --fixmotif --PRE_START_WIDTH 6 --width 12 --log gms.log
Pos   A   C   G   T
1 0.346 0.217 0.212 0.225
2 0.202 0.273 0.212 0.313
3 0.210 0.328 0.260 0.202
4 0.447 0.146 0.217 0.189
5 0.318 0.220 0.253 0.210
6 0.247 0.323 0.184 0.245

7 0.992 0.003 0.003 0.003
8 0.003 0.003 0.003 0.992
9 0.003 0.003 0.992 0.003

10 0.258 0.149 0.386 0.207
11 0.328 0.313 0.167 0.192
12 0.222 0.121 0.361 0.295

system call done
prediction, iteration: 2
/isg/shared/apps/GeneMarkS-T/5.1/gmhmmp -p 0  sequence  -m itr_2.mod  -o itr_2.lst -r
system call done
compare:
/isg/shared/apps/GeneMarkS-T/5.1/probuild --par /isg/shared/apps/GeneMarkS-T/5.1/par_1.default --compare --source itr_2.lst --target itr_1.lst
compare itr_1.lst and itr_2.lst: 0.9044
build model: itr_3.mod for iteration: 3
/isg/shared/apps/GeneMarkS-T/5.1/probuild --par /isg/shared/apps/GeneMarkS-T/5.1/par_1.default --mkmod itr_3.mod --seq sequence --geneset itr_2.lst --ORDM 4 --order_non 2 --revcomp_non 1 --fixmotif --PRE_START_WIDTH 6 --width 12 --log gms.log
Pos   A   C   G   T
1 0.359 0.188 0.282 0.171
2 0.214 0.239 0.222 0.325
3 0.214 0.348 0.280 0.158
4 0.515 0.111 0.237 0.137
5 0.361 0.218 0.239 0.182
6 0.250 0.314 0.248 0.188

7 0.994 0.002 0.002 0.002
8 0.002 0.002 0.002 0.994
9 0.002 0.002 0.994 0.002

10 0.237 0.150 0.429 0.184
11 0.323 0.329 0.154 0.194
12 0.216 0.128 0.382 0.274

system call done
prediction, iteration: 3
/isg/shared/apps/GeneMarkS-T/5.1/gmhmmp -p 0  sequence  -m itr_3.mod  -o itr_3.lst -r
system call done
compare:
/isg/shared/apps/GeneMarkS-T/5.1/probuild --par /isg/shared/apps/GeneMarkS-T/5.1/par_1.default --compare --source itr_3.lst --target itr_2.lst
compare itr_2.lst and itr_3.lst: 0.9588
build model: itr_4.mod for iteration: 4
/isg/shared/apps/GeneMarkS-T/5.1/probuild --par /isg/shared/apps/GeneMarkS-T/5.1/par_1.default --mkmod itr_4.mod --seq sequence --geneset itr_3.lst --ORDM 4 --order_non 2 --revcomp_non 1 --fixmotif --PRE_START_WIDTH 6 --width 12 --log gms.log
Pos   A   C   G   T
1 0.371 0.162 0.314 0.152
2 0.240 0.217 0.224 0.319
3 0.207 0.364 0.290 0.138
4 0.526 0.098 0.276 0.100
5 0.407 0.200 0.226 0.167
6 0.267 0.312 0.286 0.136

7 0.993 0.002 0.002 0.002
8 0.002 0.002 0.002 0.993
9 0.002 0.002 0.993 0.002

10 0.214 0.143 0.479 0.164
11 0.338 0.345 0.131 0.186
12 0.214 0.145 0.398 0.243

system call done
prediction, iteration: 4
/isg/shared/apps/GeneMarkS-T/5.1/gmhmmp -p 0  sequence  -m itr_4.mod  -o itr_4.lst -r
system call done
compare:
/isg/shared/apps/GeneMarkS-T/5.1/probuild --par /isg/shared/apps/GeneMarkS-T/5.1/par_1.default --compare --source itr_4.lst --target itr_3.lst
compare itr_3.lst and itr_4.lst: 0.9831
build model: itr_5.mod for iteration: 5
/isg/shared/apps/GeneMarkS-T/5.1/probuild --par /isg/shared/apps/GeneMarkS-T/5.1/par_1.default --mkmod itr_5.mod --seq sequence --geneset itr_4.lst --ORDM 4 --order_non 2 --revcomp_non 1 --fixmotif --PRE_START_WIDTH 6 --width 12 --log gms.log
Pos   A   C   G   T
1 0.365 0.159 0.338 0.139
2 0.252 0.204 0.217 0.327
3 0.191 0.365 0.307 0.136
4 0.534 0.093 0.292 0.081
5 0.443 0.184 0.207 0.166
6 0.270 0.312 0.297 0.121

7 0.992 0.003 0.003 0.003
8 0.003 0.003 0.003 0.992
9 0.003 0.003 0.992 0.003

10 0.196 0.136 0.494 0.174
11 0.332 0.363 0.126 0.179
12 0.209 0.149 0.406 0.237

system call done
prediction, iteration: 5
/isg/shared/apps/GeneMarkS-T/5.1/gmhmmp -p 0  sequence  -m itr_5.mod  -o itr_5.lst -r
system call done
compare:
/isg/shared/apps/GeneMarkS-T/5.1/probuild --par /isg/shared/apps/GeneMarkS-T/5.1/par_1.default --compare --source itr_5.lst --target itr_4.lst
compare itr_4.lst and itr_5.lst: 0.9904
Stopped iterations on identity: 0.9904
create: seq_bin_1.mod
cp itr_5.mod seq_bin_1.mod
system call done
prepare sequence
/isg/shared/apps/GeneMarkS-T/5.1/probuild --par /isg/shared/apps/GeneMarkS-T/5.1/par_1.default --clean_join sequence --seq seq_bin_2 --log gms.log
Clean-Join      IN   OUT
Contigs - 13895 3301
All letters - 11877234   7292994
Unambiguous letters - 11877234 7127994
A - 3338820 2057180
C - 2788869 1651634
G - 2895323 1759268
T - 2854222 1659912
N - 0 0
Parameters:
  Minimum of unambiguous letters per record: 1000
  Trim down substrings "N...N" to maximum length: 50
  Connect records using gap filler: NNNNNNNNNNNNNNNNNNNNNNNNNNNNNNNNNNNNNNNNNNNNNNNNNN
  Minimum of unambiguous letters in output: 50000
system call done
do_iterations = 1
run initial prediction
/isg/shared/apps/GeneMarkS-T/5.1/gmhmmp -p 0  sequence  -m /isg/shared/apps/GeneMarkS-T/5.1/MetaGeneMark_v1.mod  -o itr_0.lst
system call done
entering iteration loop
build model: itr_1.mod for iteration: 1
/isg/shared/apps/GeneMarkS-T/5.1/probuild --par /isg/shared/apps/GeneMarkS-T/5.1/par_1.default --mkmod itr_1.mod --seq sequence --geneset itr_0.lst --ORDM 4 --order_non 2 --revcomp_non 1 --fixmotif --PRE_START_WIDTH 6 --width 12 --log gms.log
Pos   A   C   G   T
1 0.268 0.279 0.238 0.215
2 0.265 0.283 0.240 0.211
3 0.225 0.270 0.238 0.268
4 0.325 0.245 0.253 0.177
5 0.272 0.303 0.229 0.196
6 0.244 0.275 0.197 0.283

7 0.754 0.001 0.174 0.071
8 0.001 0.001 0.001 0.997
9 0.001 0.001 0.997 0.001

10 0.258 0.179 0.373 0.190
11 0.321 0.283 0.185 0.211
12 0.204 0.256 0.290 0.251

system call done
prediction, iteration: 1
/isg/shared/apps/GeneMarkS-T/5.1/gmhmmp -p 0  sequence  -m itr_1.mod  -o itr_1.lst -r
system call done
compare:
/isg/shared/apps/GeneMarkS-T/5.1/probuild --par /isg/shared/apps/GeneMarkS-T/5.1/par_1.default --compare --source itr_1.lst --target itr_0.lst
compare itr_0.lst and itr_1.lst: 0.6150
build model: itr_2.mod for iteration: 2
/isg/shared/apps/GeneMarkS-T/5.1/probuild --par /isg/shared/apps/GeneMarkS-T/5.1/par_1.default --mkmod itr_2.mod --seq sequence --geneset itr_1.lst --ORDM 4 --order_non 2 --revcomp_non 1 --fixmotif --PRE_START_WIDTH 6 --width 12 --log gms.log
Pos   A   C   G   T
1 0.269 0.233 0.308 0.190
2 0.200 0.297 0.246 0.256
3 0.192 0.325 0.302 0.181
4 0.461 0.162 0.250 0.127
5 0.310 0.297 0.218 0.175
6 0.231 0.293 0.254 0.222

7 0.994 0.002 0.002 0.002
8 0.002 0.002 0.002 0.994
9 0.002 0.002 0.994 0.002

10 0.209 0.159 0.442 0.190
11 0.254 0.405 0.192 0.149
12 0.162 0.198 0.405 0.235

system call done
prediction, iteration: 2
/isg/shared/apps/GeneMarkS-T/5.1/gmhmmp -p 0  sequence  -m itr_2.mod  -o itr_2.lst -r
system call done
compare:
/isg/shared/apps/GeneMarkS-T/5.1/probuild --par /isg/shared/apps/GeneMarkS-T/5.1/par_1.default --compare --source itr_2.lst --target itr_1.lst
compare itr_1.lst and itr_2.lst: 0.8846
build model: itr_3.mod for iteration: 3
/isg/shared/apps/GeneMarkS-T/5.1/probuild --par /isg/shared/apps/GeneMarkS-T/5.1/par_1.default --mkmod itr_3.mod --seq sequence --geneset itr_2.lst --ORDM 4 --order_non 2 --revcomp_non 1 --fixmotif --PRE_START_WIDTH 6 --width 12 --log gms.log
Pos   A   C   G   T
1 0.271 0.212 0.346 0.171
2 0.206 0.256 0.263 0.275
3 0.181 0.317 0.375 0.126
4 0.536 0.109 0.285 0.070
5 0.384 0.229 0.215 0.172
6 0.208 0.346 0.299 0.147

7 0.995 0.002 0.002 0.002
8 0.002 0.002 0.002 0.995
9 0.002 0.002 0.995 0.002

10 0.217 0.140 0.461 0.183
11 0.254 0.435 0.188 0.123
12 0.140 0.191 0.439 0.230

system call done
prediction, iteration: 3
/isg/shared/apps/GeneMarkS-T/5.1/gmhmmp -p 0  sequence  -m itr_3.mod  -o itr_3.lst -r
system call done
compare:
/isg/shared/apps/GeneMarkS-T/5.1/probuild --par /isg/shared/apps/GeneMarkS-T/5.1/par_1.default --compare --source itr_3.lst --target itr_2.lst
compare itr_2.lst and itr_3.lst: 0.9584
build model: itr_4.mod for iteration: 4
/isg/shared/apps/GeneMarkS-T/5.1/probuild --par /isg/shared/apps/GeneMarkS-T/5.1/par_1.default --mkmod itr_4.mod --seq sequence --geneset itr_3.lst --ORDM 4 --order_non 2 --revcomp_non 1 --fixmotif --PRE_START_WIDTH 6 --width 12 --log gms.log
Pos   A   C   G   T
1 0.277 0.198 0.367 0.158
2 0.213 0.226 0.281 0.281
3 0.190 0.288 0.399 0.122
4 0.556 0.092 0.305 0.047
5 0.426 0.192 0.205 0.177
6 0.202 0.352 0.331 0.115

7 0.994 0.002 0.002 0.002
8 0.002 0.002 0.002 0.994
9 0.002 0.002 0.994 0.002

10 0.218 0.128 0.478 0.175
11 0.256 0.444 0.179 0.121
12 0.122 0.185 0.458 0.235

system call done
prediction, iteration: 4
/isg/shared/apps/GeneMarkS-T/5.1/gmhmmp -p 0  sequence  -m itr_4.mod  -o itr_4.lst -r
system call done
compare:
/isg/shared/apps/GeneMarkS-T/5.1/probuild --par /isg/shared/apps/GeneMarkS-T/5.1/par_1.default --compare --source itr_4.lst --target itr_3.lst
compare itr_3.lst and itr_4.lst: 0.9887
build model: itr_5.mod for iteration: 5
/isg/shared/apps/GeneMarkS-T/5.1/probuild --par /isg/shared/apps/GeneMarkS-T/5.1/par_1.default --mkmod itr_5.mod --seq sequence --geneset itr_4.lst --ORDM 4 --order_non 2 --revcomp_non 1 --fixmotif --PRE_START_WIDTH 6 --width 12 --log gms.log
Pos   A   C   G   T
1 0.273 0.193 0.371 0.163
2 0.214 0.214 0.285 0.287
3 0.191 0.287 0.401 0.122
4 0.558 0.086 0.316 0.039
5 0.436 0.181 0.206 0.177
6 0.200 0.358 0.340 0.102

7 0.994 0.002 0.002 0.002
8 0.002 0.002 0.002 0.994
9 0.002 0.002 0.994 0.002

10 0.220 0.128 0.477 0.175
11 0.248 0.448 0.183 0.122
12 0.116 0.183 0.466 0.236

system call done
prediction, iteration: 5
/isg/shared/apps/GeneMarkS-T/5.1/gmhmmp -p 0  sequence  -m itr_5.mod  -o itr_5.lst -r
system call done
compare:
/isg/shared/apps/GeneMarkS-T/5.1/probuild --par /isg/shared/apps/GeneMarkS-T/5.1/par_1.default --compare --source itr_5.lst --target itr_4.lst
compare itr_4.lst and itr_5.lst: 0.9962
Stopped iterations on identity: 0.9962
create: seq_bin_2.mod
cp itr_5.mod seq_bin_2.mod
system call done
prepare sequence
/isg/shared/apps/GeneMarkS-T/5.1/probuild --par /isg/shared/apps/GeneMarkS-T/5.1/par_1.default --clean_join sequence --seq seq_bin_3 --log gms.log
Clean-Join      IN   OUT
Contigs - 12023 2471
All letters - 9207693   5012180
Unambiguous letters - 9207693 4888680
A - 2234840 1235926
C - 2520337 1309050
G - 2507861 1333336
T - 1944655 1010368
N - 0 0
Parameters:
  Minimum of unambiguous letters per record: 1000
  Trim down substrings "N...N" to maximum length: 50
  Connect records using gap filler: NNNNNNNNNNNNNNNNNNNNNNNNNNNNNNNNNNNNNNNNNNNNNNNNNN
  Minimum of unambiguous letters in output: 50000
system call done
do_iterations = 1
run initial prediction
/isg/shared/apps/GeneMarkS-T/5.1/gmhmmp -p 0  sequence  -m /isg/shared/apps/GeneMarkS-T/5.1/MetaGeneMark_v1.mod  -o itr_0.lst
system call done
entering iteration loop
build model: itr_1.mod for iteration: 1
/isg/shared/apps/GeneMarkS-T/5.1/probuild --par /isg/shared/apps/GeneMarkS-T/5.1/par_1.default --mkmod itr_1.mod --seq sequence --geneset itr_0.lst --ORDM 4 --order_non 2 --revcomp_non 1 --fixmotif --PRE_START_WIDTH 6 --width 12 --log gms.log
Pos   A   C   G   T
1 0.191 0.323 0.278 0.207
2 0.247 0.277 0.262 0.214
3 0.221 0.322 0.261 0.196
4 0.291 0.251 0.291 0.168
5 0.280 0.296 0.250 0.175
6 0.168 0.301 0.297 0.235

7 0.735 0.001 0.201 0.062
8 0.001 0.001 0.001 0.996
9 0.001 0.001 0.996 0.001

10 0.226 0.198 0.393 0.184
11 0.317 0.270 0.169 0.245
12 0.137 0.293 0.364 0.206

system call done
prediction, iteration: 1
/isg/shared/apps/GeneMarkS-T/5.1/gmhmmp -p 0  sequence  -m itr_1.mod  -o itr_1.lst -r
system call done
compare:
/isg/shared/apps/GeneMarkS-T/5.1/probuild --par /isg/shared/apps/GeneMarkS-T/5.1/par_1.default --compare --source itr_1.lst --target itr_0.lst
compare itr_0.lst and itr_1.lst: 0.5522
build model: itr_2.mod for iteration: 2
/isg/shared/apps/GeneMarkS-T/5.1/probuild --par /isg/shared/apps/GeneMarkS-T/5.1/par_1.default --mkmod itr_2.mod --seq sequence --geneset itr_1.lst --ORDM 4 --order_non 2 --revcomp_non 1 --fixmotif --PRE_START_WIDTH 6 --width 12 --log gms.log
Pos   A   C   G   T
1 0.193 0.311 0.362 0.134
2 0.161 0.303 0.311 0.224
3 0.201 0.319 0.303 0.177
4 0.413 0.193 0.295 0.098
5 0.303 0.287 0.256 0.154
6 0.185 0.248 0.398 0.169

7 0.988 0.004 0.004 0.004
8 0.004 0.004 0.004 0.988
9 0.004 0.004 0.988 0.004

10 0.173 0.189 0.484 0.154
11 0.240 0.402 0.213 0.146
12 0.161 0.252 0.386 0.201

system call done
prediction, iteration: 2
/isg/shared/apps/GeneMarkS-T/5.1/gmhmmp -p 0  sequence  -m itr_2.mod  -o itr_2.lst -r
system call done
compare:
/isg/shared/apps/GeneMarkS-T/5.1/probuild --par /isg/shared/apps/GeneMarkS-T/5.1/par_1.default --compare --source itr_2.lst --target itr_1.lst
compare itr_1.lst and itr_2.lst: 0.9140
build model: itr_3.mod for iteration: 3
/isg/shared/apps/GeneMarkS-T/5.1/probuild --par /isg/shared/apps/GeneMarkS-T/5.1/par_1.default --mkmod itr_3.mod --seq sequence --geneset itr_2.lst --ORDM 4 --order_non 2 --revcomp_non 1 --fixmotif --PRE_START_WIDTH 6 --width 12 --log gms.log
Pos   A   C   G   T
1 0.193 0.253 0.421 0.133
2 0.133 0.307 0.335 0.225
3 0.206 0.310 0.339 0.146
4 0.528 0.123 0.297 0.051
5 0.377 0.237 0.231 0.155
6 0.193 0.234 0.468 0.104

7 0.991 0.003 0.003 0.003
8 0.003 0.003 0.003 0.991
9 0.003 0.003 0.991 0.003

10 0.130 0.171 0.573 0.127
11 0.215 0.503 0.190 0.092
12 0.142 0.203 0.453 0.203

system call done
prediction, iteration: 3
/isg/shared/apps/GeneMarkS-T/5.1/gmhmmp -p 0  sequence  -m itr_3.mod  -o itr_3.lst -r
system call done
compare:
/isg/shared/apps/GeneMarkS-T/5.1/probuild --par /isg/shared/apps/GeneMarkS-T/5.1/par_1.default --compare --source itr_3.lst --target itr_2.lst
compare itr_2.lst and itr_3.lst: 0.9517
build model: itr_4.mod for iteration: 4
/isg/shared/apps/GeneMarkS-T/5.1/probuild --par /isg/shared/apps/GeneMarkS-T/5.1/par_1.default --mkmod itr_4.mod --seq sequence --geneset itr_3.lst --ORDM 4 --order_non 2 --revcomp_non 1 --fixmotif --PRE_START_WIDTH 6 --width 12 --log gms.log
Pos   A   C   G   T
1 0.201 0.221 0.428 0.149
2 0.126 0.302 0.333 0.239
3 0.216 0.302 0.368 0.115
4 0.583 0.101 0.284 0.032
5 0.428 0.204 0.213 0.155
6 0.184 0.253 0.468 0.095

7 0.991 0.003 0.003 0.003
8 0.003 0.003 0.003 0.991
9 0.003 0.003 0.991 0.003

10 0.121 0.149 0.603 0.126
11 0.241 0.523 0.155 0.080
12 0.118 0.178 0.506 0.198

system call done
prediction, iteration: 4
/isg/shared/apps/GeneMarkS-T/5.1/gmhmmp -p 0  sequence  -m itr_4.mod  -o itr_4.lst -r
system call done
compare:
/isg/shared/apps/GeneMarkS-T/5.1/probuild --par /isg/shared/apps/GeneMarkS-T/5.1/par_1.default --compare --source itr_4.lst --target itr_3.lst
compare itr_3.lst and itr_4.lst: 0.9828
build model: itr_5.mod for iteration: 5
/isg/shared/apps/GeneMarkS-T/5.1/probuild --par /isg/shared/apps/GeneMarkS-T/5.1/par_1.default --mkmod itr_5.mod --seq sequence --geneset itr_4.lst --ORDM 4 --order_non 2 --revcomp_non 1 --fixmotif --PRE_START_WIDTH 6 --width 12 --log gms.log
Pos   A   C   G   T
1 0.211 0.203 0.422 0.164
2 0.131 0.306 0.325 0.239
3 0.225 0.292 0.369 0.114
4 0.589 0.097 0.281 0.033
5 0.444 0.203 0.206 0.147
6 0.181 0.283 0.444 0.092

7 0.992 0.003 0.003 0.003
8 0.003 0.003 0.003 0.992
9 0.003 0.003 0.992 0.003

10 0.125 0.153 0.597 0.125
11 0.256 0.522 0.144 0.078
12 0.111 0.169 0.528 0.192

system call done
prediction, iteration: 5
/isg/shared/apps/GeneMarkS-T/5.1/gmhmmp -p 0  sequence  -m itr_5.mod  -o itr_5.lst -r
system call done
compare:
/isg/shared/apps/GeneMarkS-T/5.1/probuild --par /isg/shared/apps/GeneMarkS-T/5.1/par_1.default --compare --source itr_5.lst --target itr_4.lst
compare itr_4.lst and itr_5.lst: 0.9918
Stopped iterations on identity: 0.9918
create: seq_bin_3.mod
cp itr_5.mod seq_bin_3.mod
system call done
output: GeneMark_hmm.mod
cp final_model GeneMark_hmm.mod
system call done
predict genes using native model with motif
/isg/shared/apps/GeneMarkS-T/5.1/gmhmmp -p 0 -b  -r -m GeneMark_hmm.mod -o /labs/Knutie/BarretoNahomFrogs/modifiedanalysis/06_RNAQuast/transdecoderassembly/results/tmp/centroids_GeneMarkS-T/centroids.fasta.lst  /labs/Knutie/BarretoNahomFrogs/modifiedanalysis/05_Clustering/clustertransdecoder/centroids.fasta
system call done
rm -f sequence initial.meta.lst initial.meta.lst.fna initial.meta.lst.feature sequence itr_0.lst itr_1.mod itr_1.lst itr_2.mod itr_2.lst itr_3.mod itr_3.lst itr_4.mod itr_4.lst itr_5.mod itr_5.lst sequence itr_0.lst itr_1.mod itr_1.lst itr_2.mod itr_2.lst itr_3.mod itr_3.lst itr_4.mod itr_4.lst itr_5.mod itr_5.lst sequence itr_0.lst itr_1.mod itr_1.lst itr_2.mod itr_2.lst itr_3.mod itr_3.lst itr_4.mod itr_4.lst itr_5.mod itr_5.lst final_model with_seq.out
system call done
End: Sun Apr 18 20:15:01 2021

